1946550272
2182348800
1763246080
2351366144
2402680832
2152529920
1752104960
1788608512
2057830400
1957363712
1773535232
1858076672
2295857152
2530803712
1845756160
2467037440
2567962880
2132082944
1964376320
1461846272
1445134592
1025900800
1764753664
1750728960
1868824832
1885864192
2340487424
1670054144
1050804480
1571291392
1305084160
1792999680
2063925760
1278280192
1429340672
1701970432
2374042112
1267597824
1154286080
2213282304
2147287552
2718892800
1730413312
1683096320
1918632704
1298006784
2407400192
1921254144
2441675520
1772356352
2445607680
2530280192
1574568704
2095121152
1810039552
2234123264
2134180864
2319975424
2102592512
2422866944
1735590912
1987249152
1886848000
2088961024
1771308032
2259551232
2511209472
1858667520
1926169600
1743651840
1863320832
1748305152
1698366720
2470184192
2186413312
1096549632
1230898432
1768097024
2574058752
1064764672
2138899712
2508064000
2340422912
2460157184
2210858240
1727202560
2214462720
2283996672
2538604032
1768883712
1786709504
1199703552
1536099840
2157053440
2242381312
2108491264
1773798912
2529297920
2212103680
1860634112
1847002880
1312884480
1413809920
2572486400
2458912512
2460092160
1772291840
2493974272
2368604160
1732380672
2202732544
1719404544
2510096384
2528184320
1640433664
1761216512
2098792704
2575108352
1769867520
2358315264
1574504704
2346256640
2296056064
2230716672
1765476864
1882982912
1681984000
2456226304
1869220352
1871972864
1000671744
2277050880
1639713280
1997146880
1583549184
2473528064
2189167360
1400769280
2558921472
1805454080
2208828160
2427063040
2327710464
1892223744
1708919552
1809844992
1844710144
2651786240
2369784832
2606697472
1064438784
1604783104
1974078464
2245397504
1826163712
1575357440
2565213184
2281180160
2097417472
2215054592
1763839232
1696861440
1864895744
2670988544
2320370944
1951468800
1750863104
1801522432
1920011520
1266093312
1703021824
1652755712
2022903040
1990266112
1956973824
1674710272
2062683392
1962872064
1828851200
1410338304
2149780992
2267221504
1699089920
2387152384
1716391424
1801653760
2422935040
2657881600
1752829440
2341342720
1771769344
2090667520
2431061504
2280525312
2432044544
2435256064
2184122112
1815482112
1782386432
1768623872
1940852480
2277510912
1824657152
2379878144
1608388352
2296647424
1678577664
1645547520
2148995072
1160056832
1751977984
2272858112
2441154560
1704660992
2109018112
2126581760
2446725120
1929318400
1745359104
1896943872
1075777792
2334396672
2050101504
1731793152
2219839744
2404716800
2103513344
2523992320
1853034752
1602031872
2057179392
1738477824
1907888384
1792938240
1711542784
2215186944
2519273984
2183926272
2693927424
1737953792
1790054912
1806897664
1707282944
1321603584
1909199360
2279084544
2011369984
1728058112
1761678080
1946620672
2232357632
2317095680
2653754112
2623279872
2525172480
1821250304
1805587200
2293175040
1739723520
2125730560
1639584512
2545619712
1975456512
1405293312
1775112960
2464879360
1761284864
2064389120
1729762304
2417955840
1763709952
1764365312
2234389504
2285179904
1765217280
2271482880
1752765440
1836913664
1871385600
1704596480
2325353472
2325681152
2109543424
1941836800
2109936640
1827607552
1140134912
1728255232
1745294592
1562318080
2334987520
2654278912
1564218624
1887180032
1871123712
2275808512
1940591872
1739396352
1589777664
2312967424
2330334464
1677333760
2315523584
1644631552
1158354432
1762792960
1967724032
2588546560
2119898624
2103252480
1734546944
1216550400
1770329600
1804408320
2362906112
1340413440
2419070720
1732187904
1665406720
2488342272
1902122752
1584273152
2524190464
2091325184
1624119040
2501515264
1898977280
1751193600
2154502144
2490243072
1686247424
1737693184
1891571712
2210600960
2026903552
1810503680
1273698304
1576998912
1711610112
2519144704
2154305792
1769740544
2343049472
1604983040
2477529344
2109872384
2094340352
1729894912
2150504960
1649285632
1683692032
2640648704
1249516032
1670715904
2426018304
2547980800
2414549504
2398362112
2115836672
1865947904
1882856192
1883183872
1082530560
1771248384
1706760960
2093882112
1764826112
2202278912
1800215552
1785797632
1954356224
1719802880
1670454272
2090867712
1403395072
2478382080
1673600000
1774525440
1809062912
1644108800
1711217664
2132548864
1763646720
1830755584
1730485504
2419334400
2355043584
1801460992
1903041792
1986927872
1752177920
2558074112
2427657472
2344623360
1070931200
2279087360
1457593600
2364742912
2129927424
1408572672
2012617984
2268470784
2554535424
2421235200
1716657664
1767185920
2052922880
1752702464
1904942592
2259688960
2293767680
2713198080
2311790080
2363235840
2264604160
2149326592
1580605184
1766399744
1717116672
1801985792
2122587904
1737432832
2110201600
1993481984
1828003584
1879449600
2148802560
1746542592
2183340032
1764237312
2384994304
1664491520
1798774784
2034376704
1783898112
1801461760
2472681472
1768169472
1098063872
1736253440
2071928832
1221074944
1727078400
1778393344
1276059904
2131697920
1829839104
1747001600
1076175104
1814962432
1462706432
2236162304
2253725952
2321752320
1819746560
2239308032
2709528832
1705517312
1741365504
1527194112
2451448320
1679892992
2351636992
1865884160
1900093952
2205295104
2289508864
2409112064
2157519360
1218519552
1807229440
1574380032
1290150400
1747133184
2099716864
2184127232
1732256512
1799430912
1683235584
1096098560
1768104704
1349526272
2191794944
2091262720
1641489152
1760764672
1878926080
1443963904
1847731200
2317624320
2049385472
1749230592
1783440384
1078993920
2320704512
2421629952
2388993024
2070553600
1888035840
1737565184
2476221440
1806574592
1809851392
1760240640
1861624832
1728390400
2097489152
1896948992
1881351424
1898259712
1683105024
1768039680
1952851200
2256610560
1557472512
1793205504
1709712640
2434147840
2501649920
2451645952
1749296640
1782851072
1732912640
1817126400
1650468352
1769743872
1837573632
1821517312
2191336960
1772496384
2494572032
2645829120
1908024832
2111317504
1675372032
1761617664
1763124992
2233673472
1730684672
2116888320
2486118144
1781933824
1362568960
1782130432
1564354304
2136483584
2322016000
1835673344
1668622080
2474190592
1653221120
2274502400
1789142784
1773479680
2329880320
1189553920
2418419712
1747789824
1715021824
1799759872
2202937344
1719347200
1738614784
1706043392
1708337152
1760241664
2415601664
1879517440
1963862272
1812932864
1680746752
2637375744
1296509184
2019895552
2355767552
1769875712
1401104640
2693409024
1838164224
1823418624
1790847232
2278893824
1779182080
1763912192
1764043264
1765026304
1698179584
1497180672
2370447872
1820797440
1871391232
2208377344
1722624512
1808017920
2245405184
1425877504
1913924352
1075391232
1914252032
2318936832
1750215424
1837050624
1955015424
2694654720
2443782912
1760439040
1881943040
1666132992
1701522432
1634675712
1248865280
1752640512
2358520832
2107386880
2344233984
1825254400
1608264704
1911892992
1794780160
1828728064
2283089152
2014719232
1880698112
2235378944
2136485120
1247489280
1803693312
1871654144
2610441472
1807166720
1912286464
1712991744
1780559360
1798843904
1955802624
2308582912
1638280704
1742155264
2114334464
1846292224
1879912192
2249207552
1896951552
1801072384
1684156160
1768042240
2609524480
2392731392
1810968320
1864118272
1766141952
1850224640
1297035264
1767911424
1785147392
2405969920
2406100992
2121019392
2358784000
1805660160
2392993792
1842163712
1760899072
1828991232
1326854400
1814573312
1580609792
2185507072
1749692672
1750675712
1634152704
2020552960
2205364480
1216884992
2410098944
1706897664
1925460224
2063741440
1745170944
2120036864
2204316160
1785803264
2256351744
1082667520
1703424512
1905406464
1838559744
1807168000
1807757824
1707815424
1761096192
2416063232
1762013952
2182886144
1797272320
2216833792
1765094144
1749234432
222704384
1699623680
2355245824
1953510144
1802646272
1652044544
2356753152
2558472960
1569862400
2191733504
1789997824
2478650112
1255092992
1742353152
1612985344
2369926144
1565864960
1717384192
1852912640
1100362752
1741829120
1775383552
2078684160
1879323904
1762014464
1862808832
2081895680
1814639872
2033005824
1883124992
1634546944
1807627520
1707291904
1826960640
2649699584
1794192640
1929917952
1796683264
1362179584
2219128320
2639017472
1834694144
1870607872
1704277504
2157524480
1993946624
2733192704
1744647680
1762539264
1762604800
1746810624
2267166464
2101360384
1799436032
2589472512
2489071360
2490054400
1753036544
1769813760
2458531584
1085617920
2293774080
1774073600
1908881152
1724921600
1993946880
1406875392
2013214464
1577400320
1881946112
1765095424
2268608512
1899771904
2254845952
1871263744
2627090432
2476881920
1624717312
1911437312
1760573440
1912682752
2047883520
2635544832
2401450240
2435332352
2436446464
1748646144
1767848192
2256877824
2123053312
2090481920
2074884352
1068710144
1860253952
2028026112
1661090304
1765620224
2319464960
1916877312
1751529984
2440182272
1770207744
1787116032
2459187712
1774467584
1892170240
1691564544
1810184704
2517580544
1784429312
1869822720
1752775424
1836989184
2475965184
1855339264
1640577792
2111126272
1758870272
2615098112
1760967424
2584689664
1762933760
1863990272
1800289280
2622897152
2103196672
2210479104
1741634560
2027699200
2464431104
1945451520
1794522112
1727478784
1846689024
2233875712
1784626432
1751989504
2410167552
1722498304
1991261440
1857699072
2681814272
2245672192
2396929280
1994669312
2465348864
2029862144
2550152704
1730166272
1667907072
2439724544
2188459520
1366900224
2377465344
1776565760
2296724992
1743404544
1828601344
1344290560
1683373824
1884765952
1652440832
2391031552
1787903744
2727886592
1839546112
1990606592
2091335424
1807892224
1724202752
2294824704
2514370304
1810513664
2134261760
2034122752
1866481664
2471378944
1800683520
1918451712
2237939712
2422620160
2490384384
1670725632
1789149184
2277457920
2327855104
1275281664
2248818944
1864319232
2386313472
1866744064
1801535744
1634418944
1433223424
1890074880
1324171520
1761886720
1728725504
1746813440
2284470784
2122596864
2290762240
2056602112
2242593280
1774338560
2093302272
1842102784
1004749312
1642283520
1948533504
2418819840
1112490752
1869759232
2122531584
2044609280
2147304192
1863140352
2282767360
1697530880
2519942144
1834828800
1683899392
1720140800
1837777920
2307671040
2342536192
1941259264
1774863360
1960657920
2329756672
1609384960
1930249472
2250196224
2284340480
1950434560
1565672704
2422097152
1836860672
2292335872
1808483584
2650359040
2266252800
2184594944
2185643520
1432438272
1802257920
1752778240
1803699712
2240038400
2610120192
1303332352
1405699584
2613921280
2110932480
1809925632
2028619264
2230011392
1575962112
1760773632
2499560960
1862747904
1862813440
2115258112
1061242624
1867073280
1867532032
1785743104
1819887360
1804486400
1536116480
1771194112
1688946432
2546026240
1742030592
2315274240
1812940800
2034059264
2252621824
1768048640
2275887104
1791969280
2580629504
1658079232
2010990592
2347059200
2331002880
1929988352
1897220352
2367113472
2451327232
2118600960
2639087872
2572110080
2204125440
1670269184
1737509120
1838237952
1704544512
2326153472
2176600320
2277853440
1808222464
1915374080
1767524864
1784629760
1634355712
1719093760
1736133120
1804093952
2129611264
2012367360
1896434432
2267368192
1733577472
2187086592
2154318592
2156153600
1857637120
1086278400
1724205824
2210876160
1808943872
1993755392
1946176512
1781877760
1751075840
2322811904
1920486400
2423802880
2157202432
1824476160
2093632512
1892436992
2116504832
1949256960
2537377024
1765887232
1649429760
2370981120
1918586112
1786006784
1770016000
2192198912
2094877952
1860259072
2297187584
2501594624
2133478912
1784958464
1752387072
2239647232
2441039360
2190298624
2324516352
2476428800
1774865920
2429505024
1708805632
1778732800
1762152192
1293045504
1713196800
2350993152
2151108352
1800621824
1434799872
1267158784
2341818112
2208452352
1857310464
1857507072
1103974144
2314489600
1694584832
1795313664
2416136192
1761955840
1880248320
2133807104
1815367680
1966755840
1614761984
2137083904
1551388672
1702907904
2006339584
1251692544
2241613824
1810452480
2330939392
2566213632
2180730880
2181124352
1728729344
2148159744
2184270080
1732661504
1785745664
2191282432
2443268352
2460176640
1825263872
1726107904
1709592832
2179682560
1459048704
1677480192
1646744064
2100318720
2066895360
1733251584
1231114752
2606846464
2627228160
1942835712
1726697984
1745638144
2367312640
1781748480
1026904832
2404930304
1885295360
2657899264
1953387264
1584485120
1938182912
1723224832
1774015232
2278839040
2567787520
1913541632
1813926912
2603766784
2201244672
1732334592
2017874944
1853051904
1871926272
1789154304
1789678592
1806717952
2092323840
1823953920
1807242240
1707299840
2110149632
2145539072
2313769984
2650297344
2013877504
1728861440
1964135680
1595823360
1965446400
2269140224
1783911680
2472629504
1685869824
1656378624
1673483520
1908430080
2598655232
1878545664
1694389504
1847023104
1863800320
2150848000
2050905600
1246254592
1904236032
2341033472
2240763392
2210289152
2210616832
1809864192
2095404544
2280084992
1746097920
2019710720
2254657280
1803572992
2090620672
2208257792
1739544320
1774606080
2483116032
1797412864
2451986432
2520471552
1951094784
1750226944
1582520320
1867929600
2238535680
1852790784
2508871680
1771067392
1687967744
2581616640
1676564480
1559255040
2536462592
