2242406394
1852489155
1803390651
1827574885
1750856810
1706037670
1732471115
2047214003
2304688600
1960681637
2141288647
1795685483
1690056312
1191603864
1672382884
2402679185
1954800014
1773684690
1787074945
1840333790
2090411562
1883662727
1821334613
1926685375
1641091341
1749834684
1884858831
1689950524
1878244335
1648478880
1803919622
1836820550
1884285164
2010812164
2558737344
1916908381
1870490253
1806868655
1870058621
1778053550
1429954252
2157244600
2395229063
1819493773
1558524351
2340532321
1686536017
1283894894
1271760734
1853018045
1321349657
1807271747
2643890543
1344563642
1409780620
1848327791
1634259255
1737811415
1899429117
1655697581
2803036010
1769758334
1648007681
3970646379
1778254203
1711243680
1737069012
1303070340
1966076371
1455404633
1872364774
1825949410
1168841325
3210022350
1860708222
2303964911
1845467613
2155450887
1630907634
1565909360
2014034097
3211843290
1734110383
1696701102
1069001243
2485345635
2369608570
2005539254
1794072565
1892151363
3113317065
2571653660
1766073854
1937765222
1798761282
1770582463
1656784373
3224619492
2281430593
2686015621
1706592651
2344312492
1697760695
1964377245
1400692304
2067525757
1649205232
1799090511
2998822833
2878188277
2242825617
2390727523
2082388425
1581064171
1988955907
2472740432
1621201832
2792758494
1862999882
2129172525
2299468144
1758622317
1928321493
2110707027
1884710302
1722071407
1748634500
2670233115
1827443044
2170621210
1758204801
1990030050
1939027407
3177645277
1831674552
1855235841
1819599413
1842723247
1852510664
1863833780
1859875353
1343325513
1899409433
1340815825
1884770057
1644184104
3217377281
1799482452
2159185801
2167381847
2033730513
1799029503
2008242295
1784241327
1795150814
2160463042
1758339797
1760114451
1349022614
1870148620
1888364095
2348200461
1898302493
1790618113
2126798497
1771959341
1760660272
1832706882
2438784912
3808527646
1873953644
1857122132
1781837332
1804275691
2092559291
1919792631
1907903701
1793948831
2006371725
2537296280
2279329075
1865142530
1631508291
2231060205
1711721852
1727031264
1750361621
1639992041
2052601171
1925868830
1815244471
2558960511
1847474432
1789545911
1752098021
1794011211
1429092023
1230333512
1750745351
1888641793
1669983024
1765172820
1240842397
1835283982
1854321860
2260852142
2076654091
1898734125
1799671743
1898062834
1774940572
1821698657
1796852237
1681007665
1768012025
2146659470
1693570167
1803989835
1076293931
2042863254
3091483727
1736873493
1311782131
2132764083
1841901993
1743613127
1761750720
1806636210
2456487932
1934654507
2006591751
1220021434
1849609100
1774599170
2012463361
2350401241
1738234013
2040326885
2419939624
1645748623
1624746911
1882390210
1834841307
2076815145
2016603195
1762667122
1826680555
1813296424
1829450563
2946072095
1918991240
1841011221
1914513064
1731673331
1940670775
1740721384
1876783465
1916545072
1272425455
2187120392
2201368742
1244571851
1841684100
1799397807
1962445185
1987308267
2042017947
2881886597
1054070170
3182031354
2042078185
1350463414
1250684095
1618740110
2171041962
1809583150
2123113120
1858054532
1996804403
2521645942
1879567990
2075269120
2165405410
1701364753
1739421731
1886030200
2049616982
1740717223
2001250762
2128624527
1493324542
2033120335
2026950957
1804160093
2218476002
1729528533
2061328221
1959337663
1657351281
1761815900
2491540194
3225253717
2131551835
2185452720
2062855743
1908293975
1274184535
1885359030
2024363021
2009645053
1768108724
1911262601
2593176894
3040193217
1848295217
1899346514
1844258252
2143050390
2110495197
2069126801
83184193
2616643983
2215953430
1258015414
2178631644
1745925822
2034307947
1657080475
2435776593
1972651863
2289966590
1833721822
1400658403
2041030417
2327341634
1654566421
1939374871
1793241002
2278242510
1766668921
1649742111
1043440960
1909171005
1912478511
5048648834
1113406473
1342168771
1223930401
2729311801
2365976242
2034308465
1781593631
2278376310
1640094745
1988980167
1817786273
2038935827
1901540091
2266566832
2290341895
5085057274
2438753732
1746873072
2016739415
1865831342
2850628512
2116817724
2170173495
1798518713
1911917482
1752313562
1896316222
1735223427
1630786811
1806187612
2091846285
2389970095
1963370367
1801963433
2612900542
3200671734
1569889882
1525668192
1582995680
2942660711
2642471583
1890470317
2061240171
1748078050
2155862303
1768194505
1948455872
1773269347
3125993862
1918921791
1830958541
2353029272
2321019745
1782794687
2456035735
1842221014
2751428982
1903059827
1626326302
2134913447
1600932132
2754688941
1828800135
1821313215
1944110557
2425848494
1840914910
2316245813
1887776424
2397268065
1746772841
1884856111
2386262720
1862431745
1839138974
2421809285
1732670692
1934930483
1745710491
1347367447
1892796832
1947797880
2008800863
1353326917
2159315924
2631205523
1281847033
1197752733
2219187811
1880607652
1564439795
1879454105
1225260661
2182862700
1761845985
1227991557
2109970013
2291857581
2139256283
1851292314
1826159410
1695644555
39999394
1938038254
1975755722
1250663077
2185229924
2493824762
2002043395
1800251543
1997893293
2151347675
1942080284
1811792272
1848171535
1655842223
1941157155
1991582200
1952027465
1811413552
1741192672
1772172431
1074679460
2104155412
1768090422
1887968757
1302748937
2345037275
1885189094
1769828974
1811277911
1945894533
2159540633
2619532837
1599146495
1938600531
2169299777
2281364974
1458429152
2266762312
1802054151
1975091564
2108482080
1873871123
2856358492
3502672702
2010900322
1669971043
2149881510
2009203841
2127584154
1869780171
1822727115
1736096450
1662705605
1997986337
1924014723
1691743801
2280049274
1850060783
1099641070
1856898752
1890217035
2817665081
1761277403
1838924225
1963024215
2341404937
1763771825
1566873371
2234979850
1659816461
2210854980
1838146000
2129026377
1764544951
2061149621
2427944692
1348240752
1727028824
1762284604
1764093410
1933042195
1311419035
1165775750
2265956415
1732396057
2029799401
2412835623
1956702430
1584348715
1642572314
2171364041
2280034280
2165866712
1790651687
1772197073
1296923951
2342501920
1662112335
2296568281
1825969605
2092240825
1853573514
1745198662
1785340497
1274735974
1887126382
1984406043
1616429031
1978864027
1884502022
1846378860
1696267833
1923288601
1764968083
2409015410
1378016504
1426932903
2287232265
1686149737
1869771561
1762494097
1836874951
1513690130
1838272894
2292365165
1821238913
1888667327
1692460667
1847415751
1808916780
1853268532
2391625635
3205895537
1875538351
2768837283
1847563385
2411994612
1771499112
1635671691
2291823355
1862805455
1980088984
1824044231
1787932141
2264521543
1834083004
1779090721
1585119333
1896336125
1751489731
1771315242
2210242922
2109808162
2130327434
2405283854
1847085710
1263157673
1994671195
1267030423
1656689265
1784233961
2349865182
2048096802
2034452431
3309166192
2057211182
1789236492
1906387754
1651266402
2112872400
2044431445
1229269544
1725635980
1783806513
2052291950
1746349103
2150344867
1862514794
1761298407
2464931782
2181351381
1579453455
2086305781
1869732767
1912770380
2813220672
2752751780
1834262715
1765453540
1893536484
2343032931
1790082617
1436870814
2134718765
3255016850
2863926634
1720097484
1746304211
1777854895
2806522320
2343263487
2214820277
1731564690
2338609543
1905093327
1805056704
1898366562
1988988081
2122954942
1974744690
1692782061
2151981973
2130750171
1752795882
2150056842
1777680767
1626695993
1702122211
1783228874
1832551017
2034730014
1860249432
1817090480
1787181161
2210188612
1882938067
1298453395
1860988062
2011537347
1624292167
1221805673
1857789672
1681942473
1791152022
1907316425
2554708662
3264609780
2128169473
1626905340
1718476284
1695887262
2263953772
1910027795
2343586937
2401725361
1828927083
2393174752
1650710280
1770317911
5197196694
1449637045
2051182827
1991361614
3598419712
1860672960
1769068514
1940727471
1216574052
1953803347
1345869074
2264696412
1034857142
2163288195
1904518130
2277317622
1289413701
1889531274
1977109905
1733269505
1837960754
1768781403
2169053460
1844292711
3295721220
1786959691
1709282637
2269017355
2110559544
1730365347
1749103364
1277588321
3148671922
1869052377
1367145250
1269868953
1883230823
2154017464
1810899265
1822284613
1763604644
1697305852
1730551403
1965645070
1674216331
1808949674
1325224583
2092982123
1959490895
1978161391
1915395493
2279685593
1687404110
2146958631
1275993320
1706913322
5045948999
2938934750
1559524925
3994768280
2167956221
1801680383
2081539621
1969891741
1884917053
1763340572
1745255723
1929084144
1993519990
1889146737
1266971210
2010424465
2010224493
1719087315
1931317973
1797168980
2176001452
1281889757
3247804655
2292636483
1964784433
1940376204
2365680100
1818821083
2501291292
1795767233
1691511441
1769152337
2847924107
1677348495
1399350261
1866546637
1849577031
1820470743
1839564025
1781298552
2363538133
2449085772
1763253381
1912561371
1225361494
1691591924
1845177905
1834233771
1876782047
1768417667
2017123411
2284408900
2409192565
3911863732
1224060392
1814039480
1644681851
2086645752
1968707912
2181155284
2009692391
1326229644
1969539413
1841553415
1937965263
1025667890
1874983073
1655879871
1937681453
1740418161
1970106243
1826757893
1944047725
2287057752
2015699187
1974947503
1952602241
1879328017
1377918651
1734082051
2281608867
1887982143
1780045712
1776580701
1726883514
2348086553
1747611811
1703491111
1735177503
2979971357
2122290643
1915920915
1879987672
1811912881
1981502704
1575775074
2170482152
1926134502
1868091755
1862558644
1856618382
1781261431
1293028540
2218660453
2730155182
2415479265
2515399893
2089937467
1627872624
5181859337
1870841815
1777769100
1278164127
1854810887
1558421790
2141854341
2101692805
1768559911
2020212057
2028388054
2496858954
1916156235
2095165743
1751516595
2153433463
1792603955
1761161204
1758133807
1824055610
2067957191
1642658605
1928945137
2362423174
1402139935
1761565535
2824403387
2349865612
2001952153
1763252055
2340856691
2867407594
2164203307
1823107962
1933311087
1729624174
1857375044
1625088797
1870477730
1934383167
2779201745
2023800995
2352673463
5149224702
2010804727
1994349231
1781621785
1974974947
1768890811
1772996185
1976877533
1875919361
1768127902
1825637413
1941739621
1186297493
2027198985
1773312565
2603824962
1938608551
1865527611
1850679995
1213625653
1959247723
1872126325
2367719807
1805217722
2346545590
1664949394
1874074181
2153006692
1690484504
1736453240
1983865273
1928912487
2238782370
2210213170
1863021333
2166415971
1461311880
1950119843
3254384127
2527904620
2343983253
1985513205
2004477505
1919228302
2057117332
1624437545
1624127632
2365806507
2348374941
2033736303
2244798472
2200523180
3090523567
2141307881
1729578061
2283054560
2042720351
1746770770
1372814322
2462776695
1656826241
1845066182
1732550164
1909676407
2300808454
2219764132
1886557335
2105822062
1846392311
1820440252
3216169542
1885980165
2120942255
5184305268
2483937930
1715649635
1263647702
1745074693
3179723851
1896241500
2827528224
2354168433
2102267705
1748963570
1902273803
2238162213
1992807753
2741631484
2053414664
1929888665
1655721073
1449409891
1957792837
1704647950
1728905757
1644142094
2167121147
1718931222
1957606075
1658657500
1826608117
1912892870
1952890037
1606998752
1824861947
2709205073
2073586657
2029695365
2243445660
2122472234
1601389211
1921796763
1909916274
1922584751
1825607983
2199197912
3141340471
2179635664
1749616602
1988790143
1346129944
1760945794
2397099651
2023209473
2254191927
1925271274
1750668824
1830047930
1367343902
2355977341
3047488342
1797585785
2089004327
5154936052
1898483327
2068098867
1440948795
1853838671
1990884855
2300735070
1888076937
2063209024
1931809865
1924428493
1801430684
1152369551
1727475187
1826912850
2105932781
1834675633
2092179485
2497802402
1847006433
2408877690
1819487723
1841380691
1837837557
2044658565
1303407190
1878259771
1459347932
1760304515
1770540063
2360217325
2599590151
1746019112
3821900479
1920236732
1931229747
3007571977
1676806075
1926937581
2092530403
2230045124
1879952777
2088886397
1825910340
3249611562
2659576003
1651095061
3221025224
1742622473
1993620834
2248366575
2464386965
1278557680
1764190414
1903340364
1824871030
1827817514
1867400783
2277990434
1512646092
1676509287
1692700930
1161884072
2007447343
2344352394
1584031543
1896689373
1898069684
1821334613
1871087030
2342625682
1017150281
1974713433
1634636915
1788763681
1950820765
1759612951
1842338824
2040862341
1882396084
1930081421
1751516260
1969441771
1527251321
1935330930
1614348714